[[ 5.9425  6.036 ]
 [ 6.1451  3.8132]
 [18.9696 19.3565]
 [17.9487  7.5563]
 [17.3928 12.9692]
 [12.6385 12.1   ]
 [11.7418 13.6874]
 [ 9.7208  8.1154]
 [15.5761 12.127 ]
 [13.095  13.6956]
 [ 7.819  13.1697]
 [13.8794  3.9479]
 [15.2841  1.4455]
 [16.1313 14.2029]
 [ 8.5872  7.8303]
 [10.9354  5.1813]
 [ 4.9785  3.1596]
 [11.3707  7.2406]
 [ 7.5691  0.9378]
 [ 1.582  17.303 ]
 [10.1662 19.1705]
 [19.0928 16.5453]
 [18.3958  3.5112]
 [16.7821  9.4334]
 [ 9.1224 14.5889]
 [ 2.2631  5.3392]
 [ 0.2554 18.2366]
 [ 2.6373  2.6425]
 [ 6.9223  7.7819]
 [ 3.6684 14.8018]
 [ 4.8353  2.0944]
 [ 9.4076  9.7166]
 [17.5139  6.4828]
 [14.2674 15.8651]
 [16.4388 16.0084]
 [14.9737 13.2245]
 [12.0526  4.7186]
 [ 4.2065  9.8224]
 [ 2.0913  9.2924]
 [ 5.3754 17.6381]
 [ 3.863  13.7008]
 [ 0.7377  8.3137]
 [ 6.7782 11.0125]
 [13.3533 17.3524]
 [14.552  17.2489]
 [ 0.4339 15.2476]
 [ 3.004  19.5712]
 [ 1.1354 16.5638]
 [ 8.3332  5.9161]
 [10.7387  2.009 ]
 [ 5.9425  6.036 ]]